# Precio de AAPL del 1/ene/2015 al 1/ene/2016
1.176299999999999955e+02
1.175499999999999972e+02
1.174699999999999989e+02
1.171200000000000045e+02
1.170600000000000023e+02
1.165999999999999943e+02
1.176500000000000057e+02
1.182500000000000000e+02
1.155900000000000034e+02
1.144800000000000040e+02
1.137199999999999989e+02
1.135400000000000063e+02
1.114899999999999949e+02
1.115900000000000034e+02
1.098299999999999983e+02
1.088400000000000034e+02
1.104099999999999966e+02
1.110600000000000023e+02
1.108799999999999955e+02
1.077900000000000063e+02
1.084300000000000068e+02
1.057099999999999937e+02
1.071099999999999994e+02
1.099899999999999949e+02
1.099500000000000028e+02
1.100600000000000023e+02
1.117300000000000040e+02
1.117999999999999972e+02
1.112300000000000040e+02
1.117900000000000063e+02
1.115699999999999932e+02
1.114599999999999937e+02
1.105199999999999960e+02
1.094899999999999949e+02
1.099000000000000057e+02
1.091099999999999994e+02
1.099500000000000028e+02
1.110300000000000011e+02
1.121200000000000045e+02
1.139500000000000028e+02
1.132999999999999972e+02
1.151899999999999977e+02
1.151899999999999977e+02
1.158199999999999932e+02
1.159699999999999989e+02
1.166400000000000006e+02
1.169500000000000028e+02
1.170600000000000023e+02
1.162900000000000063e+02
1.165199999999999960e+02
1.172600000000000051e+02
1.167600000000000051e+02
1.167300000000000040e+02
1.158199999999999932e+02
1.161500000000000057e+02
1.160199999999999960e+02
1.166099999999999994e+02
1.179099999999999966e+02
1.189899999999999949e+02
1.191099999999999994e+02
1.197500000000000000e+02
1.192500000000000000e+02
1.190400000000000063e+02
1.200000000000000000e+02
1.199899999999999949e+02
1.197800000000000011e+02
1.200000000000000000e+02
1.200799999999999983e+02
1.199699999999999989e+02
1.218799999999999955e+02
1.219399999999999977e+02
1.219500000000000028e+02
1.216299999999999955e+02
1.213499999999999943e+02
1.287500000000000000e+02
1.285300000000000011e+02
1.290800000000000125e+02
1.302899999999999920e+02
1.315300000000000011e+02
1.320399999999999920e+02
1.324199999999999875e+02
1.321200000000000045e+02
1.332899999999999920e+02
1.350200000000000102e+02
1.355099999999999909e+02
1.353400000000000034e+02
1.357199999999999989e+02
1.366999999999999886e+02
1.371100000000000136e+02
1.365300000000000011e+02
1.366599999999999966e+02
1.369300000000000068e+02
1.369900000000000091e+02
1.397899999999999920e+02
1.389600000000000080e+02
1.397800000000000011e+02
1.393400000000000034e+02
1.395200000000000102e+02
1.390000000000000000e+02
1.386800000000000068e+02
1.391399999999999864e+02
1.391999999999999886e+02
1.389900000000000091e+02
1.404600000000000080e+02
1.406899999999999977e+02
1.399900000000000091e+02
1.414600000000000080e+02
1.398400000000000034e+02
1.414199999999999875e+02
1.409199999999999875e+02
1.406399999999999864e+02
1.408799999999999955e+02
1.438000000000000114e+02
1.441200000000000045e+02
1.439300000000000068e+02
1.436599999999999966e+02
1.436999999999999886e+02
1.447700000000000102e+02
1.440200000000000102e+02
1.436599999999999966e+02
1.433400000000000034e+02
1.431699999999999875e+02
1.416299999999999955e+02
1.418000000000000114e+02
1.410500000000000114e+02
1.418300000000000125e+02
1.411999999999999886e+02
1.406800000000000068e+02
1.424399999999999977e+02
1.422700000000000102e+02
1.436399999999999864e+02
1.445300000000000011e+02
1.436800000000000068e+02
1.437899999999999920e+02
1.436500000000000057e+02
1.465800000000000125e+02
1.475099999999999909e+02
1.470600000000000023e+02
1.465300000000000011e+02
1.489600000000000080e+02
1.530099999999999909e+02
1.539900000000000091e+02
1.532599999999999909e+02
1.539499999999999886e+02
1.560999999999999943e+02
1.556999999999999886e+02
1.554699999999999989e+02
1.502500000000000000e+02
1.525399999999999920e+02
1.530600000000000023e+02
1.539900000000000091e+02
1.538000000000000114e+02
1.533400000000000034e+02
1.538700000000000045e+02
1.536100000000000136e+02
1.536699999999999875e+02
1.527599999999999909e+02
1.531800000000000068e+02
1.554499999999999886e+02
1.539300000000000068e+02
1.544499999999999886e+02
1.553700000000000045e+02
1.549900000000000091e+02
1.489799999999999898e+02
1.454199999999999875e+02
1.465900000000000034e+02
1.451599999999999966e+02
1.442899999999999920e+02
1.422700000000000102e+02
1.463400000000000034e+02
1.450099999999999909e+02
1.458700000000000045e+02
1.456299999999999955e+02
1.462800000000000011e+02
1.458199999999999932e+02
1.437299999999999898e+02
1.458300000000000125e+02
1.436800000000000068e+02
1.440200000000000102e+02
1.435000000000000000e+02
1.440900000000000034e+02
1.427299999999999898e+02
1.441800000000000068e+02
1.450600000000000023e+02
1.455300000000000011e+02
1.457400000000000091e+02
1.477700000000000102e+02
1.490399999999999920e+02
1.495600000000000023e+02
1.500800000000000125e+02
1.510200000000000102e+02
1.503400000000000034e+02
1.502700000000000102e+02
1.520900000000000034e+02
1.527400000000000091e+02
1.534600000000000080e+02
1.505600000000000023e+02
1.495000000000000000e+02
1.487299999999999898e+02
1.500500000000000114e+02
1.571399999999999864e+02
1.555699999999999932e+02
1.563899999999999864e+02
1.588100000000000023e+02
1.600800000000000125e+02
1.610600000000000023e+02
1.553199999999999932e+02
1.574799999999999898e+02
1.598499999999999943e+02
1.615999999999999943e+02
1.609499999999999886e+02
1.578600000000000136e+02
1.575000000000000000e+02
1.572100000000000080e+02
1.597800000000000011e+02
1.599799999999999898e+02
1.592700000000000102e+02
1.598600000000000136e+02
1.614699999999999989e+02
1.629099999999999966e+02
1.633499999999999943e+02
1.640000000000000000e+02
1.640500000000000114e+02
1.620800000000000125e+02
1.619099999999999966e+02
1.612599999999999909e+02
1.586299999999999955e+02
1.615000000000000000e+02
1.608600000000000136e+02
1.596500000000000057e+02
1.582800000000000011e+02
1.598799999999999955e+02
1.586699999999999875e+02
1.587299999999999898e+02
1.560699999999999932e+02
1.533899999999999864e+02
1.518899999999999864e+02
1.505500000000000114e+02
1.531399999999999864e+02
1.542299999999999898e+02
1.532800000000000011e+02
1.541200000000000045e+02
1.538100000000000023e+02
1.544799999999999898e+02
1.534799999999999898e+02
1.553899999999999864e+02
1.553000000000000114e+02
1.558400000000000034e+02
1.559000000000000057e+02
1.565500000000000114e+02
